-54.16 283.74
-27.18 -165.1
235.51 138.26
-289.25 -291.64
-223.82 67.94
176.8 -146.14
-283.7 -26.98
-296.5 -35.44
26.69 228.19
-105.14 -47.05
64.61 159.01
265.01 -66.81
-198.79 -93.24
-131.34 -13.87
-237.99 -12.95
216.38 290.26
5.56 171.01
-284.31 -214.71
-43.52 -31.5
-105.21 258.73
-104.23 -217.91
-28.24 263.17
-249.08 177.64
-184.32 -231.38
23.32 -59.98
-277.73 -75.36
-171.38 177.61
-90.96 181.5
-196.66 192.17
234.11 -59.43
-52.76 140.82
145.84 166.64
205.44 105.55
-123.47 175.43
-32.1 -144.9
46.92 296.33
103.89 -299.26
-98.45 -8.78
161.82 -73.78
106.1 205.56
256.46 122.07
183.64 56.39
289.95 -97.77
-79.95 37.61
-163.25 106.98
243.06 297.45
81.21 70.41
-161.08 212.19
-176.47 -278.03
-93.21 -101.3
8.33 53.71
103.86 148.93
-142.03 -53.89
150.89 -33.18
193.59 219.66
51.93 279.21
236.37 18.36
-107.48 33.6
229.53 110.18
169.26 -58.3
102.58 -222.11
173.93 8.37
-167.18 -89.77
-127.42 -245.53
132.54 49.71
203.16 88.56
-198.62 -18.19
-195.97 -116.5
158.25 130.52
-184.09 174.74
142.31 -177.93
-60.3 -201.73
-158.23 130.45
203.11 80.8
-76.0 -155.51
-151.81 220.87
154.06 131.88
286.85 221.0
-159.76 -131.14
217.28 257.91
-291.12 -57.56
-140.54 142.11
-160.64 10.02
-182.84 -271.77
92.76 -135.99
-20.51 -12.12
-125.8 -20.63
205.88 -46.9
183.53 -162.34
65.12 -272.3
-282.45 292.58
-199.99 18.56
285.75 197.59
23.93 126.61
-17.7 6.97
-12.7 142.28
-152.74 148.99
137.07 -272.49
-82.25 -55.06
56.37 -282.72
