2108.34 -977.02
206.36 -1946.23
-1360.49 -2120.81
-2399.13 2182.85
679.88 1900.88
878.29 -320.16
1344.15 -1968.33
-1741.68 -2477.83
2297.45 2394.85
41.94 -311.9
1431.75 -902.76
762.79 2471.8
1552.0 215.89
1442.23 423.88
-128.88 1372.89
796.42 1797.26
2402.5 -415.1
896.02 -2308.85
1108.83 1310.69
390.09 -1407.29
-1476.92 1810.89
-626.29 2477.85
730.45 1321.26
-1354.45 2468.33
-1457.43 1328.96
998.73 -1540.41
365.69 761.03
-1897.58 1270.1
-458.33 2051.62
-139.05 -511.9
-2040.32 -1737.2
1948.24 -852.64
-1486.28 2398.71
-2486.78 1663.49
-180.29 -2090.9
-840.05 -1280.28
477.07 -533.12
-1159.8 -1332.05
2416.17 2035.29
1652.24 -1825.09
92.81 -965.05
922.09 -299.86
-805.03 -1989.88
-2249.71 -502.97
1917.43 -2265.2
781.9 1390.39
891.14 -1392.63
-1453.88 1843.06
365.34 -185.7
960.49 841.12
-2090.73 2094.12
-450.8 -1632.43
819.13 -1245.07
-1093.37 -2396.31
-695.63 226.08
1903.28 2033.32
-1856.43 23.19
2143.53 69.31
2410.83 781.77
185.16 895.7
-2109.85 -2068.3
-2275.46 78.32
-822.02 -1176.58
-2365.28 264.07
2174.66 -1681.94
1883.5 506.55
-135.94 -470.97
620.25 -738.89
-1377.94 -1059.65
1809.39 125.69
-941.27 196.68
1687.69 2421.36
-347.99 -870.94
140.0 653.62
1215.46 319.0
-2421.29 -1248.47
-1135.11 1866.31
-866.75 892.58
-1920.67 2298.0
861.56 873.0
1668.32 2170.13
537.13 554.53
-292.14 2460.24
295.39 1597.12
2079.36 -2044.42
-239.79 681.86
171.66 860.71
382.18 1250.11
1810.36 670.72
983.03 2116.46
-1534.93 -270.8
-2296.66 -2063.26
-2364.54 -817.66
2234.11 -2289.93
1182.81 -1891.35
-1644.08 -1640.2
90.28 729.56
-224.63 1320.54
-267.6 263.38
-1209.9 -1655.5
483.51 -799.43
-1905.52 1453.41
-508.65 -1466.94
-1495.45 -1759.17
-1063.76 1310.91
-330.67 -227.63
-699.76 -16.46
-778.78 -1575.0
-1105.49 -33.09
1671.17 -1290.89
-1761.45 731.64
-968.78 -1723.83
2223.35 -59.68
2090.8 -677.58
1873.73 1444.81
-1384.68 -504.58
1433.01 -2466.67
321.46 -2104.22
965.83 -1407.79
-2427.71 -1293.56
723.14 -1653.2
1678.5 1724.78
2118.54 1183.02
-1704.18 2386.12
2406.67 2258.92
-1980.49 -2052.9
1970.89 217.06
2026.79 809.7
-142.9 -1844.42
1393.7 1386.91
1638.99 -2062.05
-2101.41 452.59
-2452.47 -1858.78
-271.26 -875.86
-242.54 -1404.97
-1054.19 1063.44
1215.02 50.6
1079.09 -996.11
-1207.47 -1910.0
-148.35 -1392.35
-2205.07 718.21
1210.32 979.53
-1048.17 -538.85
810.02 1080.61
1898.62 984.43
-214.74 -1230.05
-94.49 253.06
1906.3 1114.94
2190.26 1372.92
1544.62 824.75
2223.23 1830.09
-787.56 1558.99
-115.98 -310.4
1620.33 885.45
-912.4 -1729.56
2195.78 -2390.24
-58.46 -1490.83
1395.22 -745.77
-2055.3 -1103.5
-2089.75 -84.08
1682.54 2100.09
1114.09 2212.71
-1113.67 -721.95
-186.91 -1918.52
-2444.07 2342.09
314.91 1833.93
-879.71 -1836.78
-426.68 2084.07
519.47 -1204.0
2126.68 1899.26
1335.02 -1482.17
-139.95 -691.06
1051.83 -922.22
-735.25 794.38
1482.51 684.82
2005.82 33.52
1962.44 -72.84
1530.67 -1937.66
-1198.92 1323.41
-1973.64 -1533.35
-2413.96 1437.52
108.07 1074.89
-1352.32 -1191.4
-1752.83 2196.19
-1335.4 2096.88
-1476.77 -200.67
-2048.36 -1606.26
-769.79 1220.58
113.3 2033.16
1898.75 907.69
503.73 1659.43
272.58 2283.97
1780.69 -1755.1
1239.1 -1594.38
714.02 2257.17
1582.72 -1199.0
2274.86 -1431.01
367.79 -2379.31
-821.19 1423.48
-1911.36 1968.84
-2302.39 -1518.94
-1637.01 -2396.25
-721.6 806.43
1868.48 274.6
1246.45 1670.3
94.22 -2283.47
-62.29 764.87
946.41 1230.78
-1704.55 -34.39
2041.29 -2189.2
219.06 -1599.25
1735.11 992.77
2088.43 -2125.67
904.92 -477.49
-1827.49 -671.46
-1271.92 1483.8
1561.66 -2493.97
-2359.83 1224.09
955.92 -430.28
1424.64 -1389.93
1946.66 -2179.43
-939.55 -1370.37
894.29 -2301.84
-2030.96 728.39
-1731.07 445.13
-785.98 -1134.83
-469.8 1291.83
-1134.78 319.92
1035.53 648.12
-904.37 -1704.86
117.54 1046.81
70.14 104.63
-625.26 574.3
-1450.27 -1808.32
984.24 1889.02
-328.46 726.26
2268.61 -596.45
-484.14 1742.51
2068.0 -627.08
2455.83 2346.24
1642.56 37.98
-441.18 -1418.29
1162.36 -1226.58
1804.09 -2406.93
-1899.32 1229.73
-93.46 -2276.33
-528.72 -261.07
793.91 -1770.5
-436.97 80.48
1192.65 -2194.32
-247.46 -637.32
-732.38 1644.85
487.43 -1588.52
2021.58 1209.8
-2262.05 70.25
419.96 -1500.35
-1813.4 1011.82
1174.39 1087.7
1140.74 2240.35
-1896.7 1500.98
-2448.52 198.17
-2488.53 -266.41
984.5 124.24
-1348.77 782.61
-536.37 2244.68
-761.29 2292.26
-1726.18 1800.54
-1364.34 988.55
-1452.95 -1611.6
516.9 1663.17
-1612.43 -321.2
536.42 -813.25
-2192.13 1384.77
327.34 -2400.52
1704.29 -1119.34
-622.03 -1410.5
2033.14 1411.44
1048.35 -442.6
43.03 1750.04
-317.86 967.37
-192.94 -1356.07
653.33 1642.37
-638.1 -2219.69
1863.35 -1254.21
361.76 2283.5
618.42 1143.44
89.13 -997.69
-2024.3 1196.76
1849.2 1406.68
748.82 -2249.89
1052.86 757.45
-2286.52 245.89
2393.97 94.42
1106.29 137.83
-1271.84 -238.72
-1975.27 -850.03
-1963.03 -2253.14
-2334.03 1288.99
-2348.28 -1724.64
-1284.35 -1577.9
-2242.51 -1842.08
-2192.39 -803.61
-269.94 -1009.03
-275.48 -273.5
-337.86 1113.08
-34.9 -1825.11
-715.07 1507.11
728.34 886.41
-1173.32 -1431.83
2238.2 -314.56
514.1 -1505.61
-533.33 -2438.49
1037.56 1135.57
1595.38 1033.61
-633.16 -1535.56
1881.81 2302.63
-28.81 -442.33
-2288.28 423.96
-1049.14 -2439.67
2449.19 1961.2
1077.56 -965.95
-823.37 -2346.18
-201.73 1051.7
-1178.83 -2196.57
-621.69 -963.6
2119.31 1665.52
1026.41 1851.0
2181.31 1581.45
637.57 -1449.1
1851.9 809.15
-45.95 -1205.15
-1597.06 -1793.33
-1223.49 308.55
7.73 1248.92
852.77 1852.94
-2131.33 -1385.13
-1756.92 823.91
-871.02 398.54
-2287.61 2170.06
-785.67 -2467.27
-323.3 115.82
1946.5 649.47
1460.02 -414.51
-1064.02 2401.91
2080.0 834.76
1088.08 1933.41
-857.61 875.55
2141.77 2219.01
-200.82 -2482.64
-972.76 -557.42
-1202.8 -845.43
-1351.16 -2286.66
-988.58 -359.64
566.33 -652.13
-330.09 -389.61
-2286.96 -1063.57
-496.4 591.68
-55.64 -1026.48
-1934.29 1620.33
1272.18 -1980.31
-1351.59 1185.35
-334.06 -1720.34
711.16 1226.56
-56.44 1523.86
-1946.86 -1911.36
1228.33 -1145.32
-1936.06 1050.2
2387.17 -466.09
707.54 1855.92
-564.99 2448.04
-1317.5 -2081.51
-112.7 -522.09
-2130.41 2351.06
86.96 -1249.58
-1413.02 1086.98
-1332.5 -1370.3
995.9 2445.48
167.82 -1118.02
1765.22 1139.94
-1907.47 45.89
1204.08 2261.87
-675.0 1275.3
2258.04 1931.45
-772.35 -248.57
1572.82 268.51
618.94 -1093.85
-338.59 -482.31
114.05 1647.97
-2430.4 -313.11
2016.98 -2143.14
905.17 -1726.51
458.34 -1913.07
1537.55 -1676.39
649.58 -752.76
-818.32 -1035.66
-1354.53 886.25
-154.81 -587.87
1604.87 121.25
-1316.33 1911.25
-811.21 -498.28
655.52 2004.37
945.79 -1142.57
-2003.24 603.17
-691.63 918.31
-277.75 -2466.28
1352.84 -1463.31
407.81 1802.65
369.38 1270.43
-2237.53 1223.14
1566.24 -80.93
586.72 -459.92
272.73 1052.27
2101.68 -693.25
-414.99 2069.53
-1307.99 -2487.57
1684.85 1689.41
329.52 -1611.01
-2299.6 1474.07
435.67 -865.5
-1544.3 1287.03
1555.13 -50.72
-1275.5 103.69
2466.99 2099.92
755.28 -1647.92
1935.22 473.42
-1220.59 -1400.92
166.22 -33.78
1808.47 1430.21
481.92 -1256.37
1515.14 17.8
-2222.42 -528.77
-1003.71 -2087.21
-1401.89 -260.05
1654.84 1361.41
-2248.51 1912.03
40.24 1940.76
2489.8 2220.98
-252.05 -1843.63
-2368.83 44.88
637.85 2010.73
1891.73 1426.45
345.87 -1385.17
-1078.58 -2004.75
2003.84 -1073.25
666.71 2006.53
-345.96 426.08
-55.75 -1854.26
769.24 -698.03
-957.0 1472.48
-1936.51 922.58
-405.63 -926.58
-1227.76 242.47
-125.65 -1920.52
-1395.55 2223.85
744.58 607.12
-1838.39 1573.29
2038.0 1064.43
-1620.45 1249.5
435.16 339.72
-1574.97 -1884.71
417.19 1750.89
-1699.94 1491.02
121.16 -1580.54
1106.21 -527.64
-1639.49 -1327.26
2200.04 -336.4
872.44 -2273.73
-468.9 -2472.77
1407.16 844.89
-2281.11 -1961.07
441.54 -1881.09
-415.56 1956.57
-2404.16 2209.02
-748.74 -774.37
1271.61 -1921.95
1542.97 1534.26
409.49 885.33
-390.69 11.39
-2486.0 1101.67
1237.26 2054.03
1696.1 -758.7
-596.82 1704.02
2415.23 -54.81
-417.08 409.07
1712.17 -1255.58
-1259.16 732.79
-1403.04 864.87
942.5 973.54
1404.67 -1416.77
-1546.56 -1243.62
591.81 -1313.8
1588.7 -115.44
1501.55 2436.51
129.23 -1532.16
1138.49 -533.23
-25.91 1392.79
398.71 -171.29
-1480.56 -1132.56
-1464.53 2202.73
-765.87 -1314.83
-59.82 282.28
-1928.96 -225.16
-620.69 760.44
905.29 -817.36
1342.9 2115.51
-926.57 -1721.48
-66.54 1745.03
2114.03 1048.38
-1787.85 478.06
-707.81 -21.94
-444.97 947.65
-2096.33 2266.96
-340.34 -518.45
-1055.01 -1764.99
-917.52 -1088.57
-1382.71 -693.7
1938.99 1881.63
-1569.76 178.62
1469.05 -1704.39
1777.29 530.75
1861.66 -1756.71
-2394.25 694.82
247.7 576.16
-995.16 2458.36
2055.52 2067.62
-290.43 759.92
-248.61 1316.23
-924.83 -106.39
-2477.59 -1757.25
1711.02 926.5
-124.89 601.63
-441.46 -300.3
-1391.55 -134.58
-2207.66 -2358.08
-1214.5 -124.5
60.9 -929.5
-215.8 -994.32
2164.36 -2309.93
-352.88 -1950.37
1265.0 -2272.06
1380.0 -1555.62
-1846.19 -1999.14
-711.2 -1220.89
1349.24 -1899.64
-2046.3 -2309.7
888.93 -615.56
1620.21 1782.9
-2369.82 757.54
1285.95 652.85
1212.85 148.52
1571.98 -616.05
-2288.49 -1787.43
242.3 -325.51
-1621.28 1269.46
79.02 -1253.75
1403.71 -496.96
1817.83 -1748.61
-423.24 75.86
-2327.46 -2410.91
-1479.82 2388.28
1274.69 2261.41
-1853.05 -1620.72
-1773.4 2388.68
1427.59 2478.12
1149.89 2424.67
1622.7 1138.08
-972.25 -1727.77
213.81 1955.71
-2213.55 1954.67
1929.81 2412.86
-1957.72 -1274.42
1558.1 2329.65
798.1 -1915.34
998.17 2439.65
1482.92 -1835.17
-1631.99 1422.76
-282.01 -2189.52
259.74 -2259.94
-2370.84 353.57
2338.63 -878.18
2040.14 1448.86
-1619.51 2310.74
2497.31 43.57
-1325.96 -2092.26
-846.53 -859.18
87.66 2450.79
1209.88 1019.74
-1425.74 930.36
928.58 -2201.12
601.94 2274.18
2363.43 -2252.44
-42.39 1836.87
-1207.29 -1004.2
1332.3 -1965.88
-174.17 983.64
-1951.5 1895.84
1485.88 -1116.16
-2443.65 2066.78
1481.3 1138.73
-112.95 -758.37
787.1 -1984.82
-593.59 1659.18
1890.88 569.78
591.33 1896.58
1517.83 -1384.15
555.43 2021.34
287.76 -925.36
-1183.08 1492.81
444.76 2480.36
1145.56 2018.21
-1938.64 1227.46
-528.59 2086.01
-1029.54 1419.88
-1544.36 615.27
1739.57 1062.0
1354.67 1997.39
-1971.05 1640.39
98.83 486.78
97.63 -607.77
-1144.62 -1384.71
184.7 2023.0
-1803.66 253.5
-1863.3 -67.87
916.68 -1956.38
-1845.02 1637.45
-166.81 1597.47
1926.13 -307.6
-50.5 320.76
-1317.28 800.02
-1667.26 -2203.71
1947.37 2479.29
-1846.21 1183.68
-250.34 -473.69
-2281.15 -197.5
-63.41 1793.97
74.1 -715.99
-1073.31 -2045.72
-1498.22 635.57
1841.85 -549.48
1199.2 -1761.02
-1604.44 637.69
2050.23 -1579.55
1100.85 -1403.11
-1931.65 -1691.91
2346.63 1744.99
-2316.43 -763.08
183.95 -1035.25
-1894.31 1103.44
-1213.73 21.13
709.84 -163.81
-1562.27 401.12
-1444.71 941.24
975.34 -1471.89
1876.69 777.64
-1125.57 343.45
-439.54 341.71
194.84 2367.71
-1976.86 2112.65
2310.38 1628.38
1425.2 1674.13
-120.9 1009.35
-2169.96 -1396.05
1372.39 -2425.16
989.67 -957.37
1380.3 -953.38
-6.24 -328.75
-369.7 1622.58
-1740.19 -2405.76
-455.05 118.92
-733.34 1559.9
1318.67 1636.37
-1624.57 243.76
2464.99 999.01
2272.35 2134.69
-293.83 1908.97
-34.8 1457.75
-878.11 -706.63
-1650.6 -1683.6
1507.48 -2246.09
2371.77 2015.72
-1205.54 1805.77
1434.96 1733.43
-1069.22 1149.5
798.28 2093.3
917.97 -1120.14
-1954.24 2494.96
-1428.15 -2350.19
421.09 968.02
-1482.65 1988.97
1052.56 -383.73
603.04 -811.5
-2003.11 1824.03
-383.9 -2168.73
-1989.22 786.69
-186.45 250.27
-1975.75 2283.45
-856.45 2208.08
1279.73 -440.15
2203.3 -25.19
32.15 -1784.52
1281.67 -2109.88
-2346.55 835.26
-2177.23 355.09
-266.93 1728.43
1402.38 -2285.78
-1572.56 -827.75
-1520.29 1167.51
93.84 -1260.77
-1612.23 148.97
1683.59 -2479.72
-586.84 2011.72
1481.64 -1647.57
-1774.48 -1991.93
1832.99 -1567.04
-1757.45 857.62
1102.75 -2109.64
-1113.16 237.53
812.03 2253.3
262.83 1817.27
-237.58 1723.25
2143.08 -1773.96
-1176.34 1259.78
-513.86 1095.48
2271.25 2235.31
-1600.89 1039.63
712.02 -391.85
1115.71 -2335.9
-872.31 -305.34
995.12 -1862.63
1467.76 -1529.49
-2096.24 -1492.52
-147.68 1126.47
245.84 -1589.37
-573.81 -1403.31
1663.62 1700.57
1115.69 1730.52
2401.48 463.04
-1222.83 -656.73
-2102.34 -2435.03
354.43 -1234.07
-637.93 1787.32
2425.53 784.94
-1864.5 -833.2
206.07 -1566.5
-1388.33 674.65
-1295.33 2451.52
-1000.3 2224.36
2491.18 -2155.1
1408.14 -609.09
-2086.95 -1082.86
-787.62 -1293.77
-1993.77 -434.83
-2084.92 478.27
-1995.31 1948.51
-2399.67 1013.61
1557.47 1712.48
-2474.41 -1169.3
288.59 1634.51
-601.28 1408.8
1183.41 -32.77
-1826.21 -2256.65
1741.16 -226.47
295.1 -1905.72
1058.83 -1751.48
990.27 -435.91
-1876.82 -2497.22
1940.58 177.94
2226.16 1794.54
1244.08 951.76
-2122.13 -1882.53
-642.13 2148.79
1612.47 -16.31
2077.71 1405.06
1845.05 57.88
-482.53 1583.44
-1464.2 -389.25
-1404.54 -2025.44
234.48 650.06
1804.93 -1367.69
908.14 998.52
322.8 149.21
309.57 -542.86
-416.35 -1552.63
-1890.1 -2389.67
-1482.47 449.69
-1134.4 -2019.1
-2314.96 -2374.29
-258.73 -1953.36
1855.69 -1857.73
-1300.54 1746.07
472.34 2428.06
-1006.32 1697.0
1351.11 -1653.98
2283.03 325.51
616.32 -1144.31
-1864.68 1713.87
-725.24 -194.25
-886.28 288.6
-1200.02 1126.35
-244.15 1807.45
-2129.77 60.0
1920.4 -1522.62
2322.51 -2215.2
787.6 1230.94
-2307.09 2329.88
-2355.0 1836.33
1328.16 -2219.97
-169.12 682.93
26.13 -873.8
-2021.55 -336.72
-1883.12 572.32
-1958.68 1749.64
242.98 -267.71
-1163.76 2033.67
1220.59 2246.9
222.85 -255.21
55.39 1206.87
2484.74 1112.2
695.85 1089.06
-1184.71 2334.81
-2425.2 -674.04
-2161.31 1852.02
625.59 680.77
-1429.7 -789.6
1612.62 409.76
996.64 1583.49
-670.02 314.67
597.4 -464.09
1367.18 -1214.62
2319.81 -245.97
-1291.54 2340.37
-1347.01 -1348.84
1853.88 -234.16
-1200.76 -479.51
15.47 1717.55
1133.85 -2277.47
-429.91 2395.01
1940.37 -2385.46
-1114.36 -709.55
1529.25 1948.67
732.8 2462.86
2390.37 -2459.82
1308.0 861.52
1431.81 -1683.37
1953.91 2437.63
-1983.18 -1277.56
1357.67 2360.94
1553.54 2469.73
376.06 -114.53
263.36 697.97
1024.48 694.42
-336.07 -2097.35
973.93 -2386.92
1856.54 -905.15
1357.06 -1970.16
346.58 151.56
315.35 2016.28
2312.35 -978.75
529.02 -1804.99
-1568.68 1561.72
1409.74 -234.9
-931.87 -430.54
-1657.3 2412.53
289.02 -912.91
-682.38 1078.51
-747.55 -359.41
-1056.41 2087.01
-524.81 -1399.37
157.07 -839.84
2085.25 1139.59
-1204.75 -2032.54
916.97 -2061.61
-1788.49 -1127.24
1537.12 1645.19
-879.0 1624.07
-564.78 -31.73
51.47 687.54
1437.51 -1793.36
1234.99 450.6
-1590.37 1364.79
1129.47 2415.09
-2249.09 -1876.84
1523.39 -1455.75
2338.9 -973.16
1659.31 -1554.13
1918.67 -2462.34
-1969.13 186.04
1716.6 -965.7
-2045.04 93.12
1472.58 -1044.88
-2299.44 1320.3
-508.2 -2014.9
1797.99 2474.1
-1351.58 -1593.96
1215.5 1332.09
-317.82 -492.16
1997.32 -2373.59
871.53 -1442.71
-1143.4 -429.23
-1218.43 2374.01
-1413.27 -2197.44
-322.24 2229.55
2446.52 -1035.71
53.39 1233.88
1584.43 -1024.05
-653.08 595.7
-626.31 -1441.62
597.15 -1765.88
1072.0 700.45
2073.41 2243.46
1053.19 -2353.47
-336.5 1595.8
460.22 2093.88
2486.5 -50.57
-831.82 -308.55
-1144.76 2287.17
1455.74 1860.41
2304.86 -810.95
-1313.98 1853.86
-1847.57 -66.26
1086.42 -1896.25
2446.47 92.69
-197.77 -2352.99
-189.43 -1324.21
487.35 1708.25
-978.46 483.48
2240.48 -461.46
1326.24 1849.07
1427.64 -1960.18
2064.49 426.49
1997.96 1994.41
-774.73 2362.68
2337.97 -896.84
-1727.73 -1334.57
698.11 119.17
-2437.48 293.34
-387.26 1378.38
1913.73 -1859.35
177.0 -818.85
889.75 196.23
-1052.76 -1234.88
1919.76 -1846.19
-1264.11 2147.17
744.17 2487.28
-1919.85 -448.21
1263.47 2184.85
-893.98 -2302.61
2493.54 -1318.49
1376.46 1115.05
2329.24 -588.25
-1266.05 -1440.31
1269.86 -634.66
-2419.64 480.05
-1414.1 1327.47
1459.04 1223.77
-1964.78 -89.68
-1273.58 -2103.82
-2446.69 -383.79
325.92 -737.61
712.79 1999.85
-1242.69 -2034.39
1651.31 -403.08
-1803.46 1294.97
1434.07 -100.27
-1838.92 -2130.39
-103.94 -494.72
-836.92 1651.12
-2378.2 1056.89
10.96 -2123.9
390.94 2388.37
-726.0 -186.37
2281.23 -702.57
-2448.86 2169.31
-323.7 861.9
1936.98 -2092.76
-1902.76 2217.27
686.59 1151.11
-1603.04 -2291.21
891.52 -568.18
2132.32 1197.63
2496.02 1720.63
1146.29 1443.15
1988.29 1462.74
-2316.54 1169.5
735.18 1145.89
674.67 1262.27
-993.06 -958.15
72.11 1220.96
602.65 -917.75
1045.3 -2090.4
-226.64 1694.95
-1783.63 -812.33
-68.68 -1051.94
1513.35 -1884.9
932.21 -1824.84
167.46 -2343.33
1007.35 -138.35
-1468.07 1267.33
-1364.68 -2080.83
-2445.51 457.32
