898.79 871.43
-191.0 -32.6
275.64 -432.99
582.96 -584.91
33.23 416.42
658.07 -33.75
421.36 570.35
-798.41 425.93
-702.69 -21.7
-977.83 626.68
-357.26 -174.69
-68.92 990.98
852.29 -987.16
843.02 -348.53
-859.62 -610.22
-231.81 -971.05
482.54 234.92
-404.21 -202.79
489.25 -68.43
-356.17 -556.75
56.69 -115.65
350.97 -468.62
-523.24 -211.77
-403.44 -326.81
-392.15 -330.15
858.7 182.06
432.02 -247.37
-121.03 -129.52
403.28 -460.55
295.02 220.04
-276.02 -488.11
-362.29 -702.7
679.17 433.12
585.85 -718.84
-416.46 632.85
103.96 497.36
-45.55 -952.01
493.17 -91.25
-592.25 -960.31
127.89 150.09
-144.03 -35.9
542.43 966.85
-252.46 523.58
-430.09 890.41
127.09 366.23
424.93 -508.81
-101.07 208.98
-639.85 450.41
-961.39 -283.13
589.26 -786.66
411.28 -420.74
331.79 475.41
-464.81 -947.17
-937.52 -710.58
487.71 400.59
-176.96 418.29
-535.08 858.04
-853.57 -795.86
-774.61 -40.7
-259.71 -596.22
70.07 -19.46
184.66 -424.57
-335.0 -557.52
-228.81 -816.92
-168.75 785.86
-395.94 859.83
-547.62 985.6
658.86 420.02
-90.03 -654.69
921.37 -681.66
488.5 -235.62
210.92 -52.41
-240.85 830.1
360.39 -572.5
-976.63 -974.59
-177.86 491.06
803.69 -362.07
896.25 -885.74
548.72 -764.89
226.26 -610.01
260.25 40.65
-283.21 929.23
590.87 -69.73
45.18 -737.45
789.5 22.17
421.88 413.93
-853.99 -398.76
-784.83 697.66
100.65 944.52
75.25 -699.48
347.44 569.05
-63.65 -443.71
658.33 524.59
-14.12 -491.46
-970.36 381.87
-179.96 -448.91
558.49 -573.55
381.78 -783.08
-205.16 82.89
-221.17 607.69
-502.52 -779.34
-955.92 -624.8
381.03 -632.46
-588.71 929.64
914.3 297.11
-291.82 277.5
884.54 -879.01
495.83 439.86
-563.93 921.53
636.22 482.82
-446.61 -983.99
345.79 799.21
993.62 -685.68
-932.27 913.87
-18.91 -652.44
355.21 173.28
-217.08 743.19
-227.16 -752.87
-925.63 -374.01
-301.81 929.63
-702.46 -696.59
-192.35 -857.86
87.65 -114.13
345.66 -415.08
448.5 105.89
248.34 903.01
-10.01 -618.77
-35.12 535.37
-103.83 446.72
-716.45 19.22
-269.88 -205.45
632.72 146.89
178.74 205.86
-991.17 -60.51
133.35 -203.09
319.83 -837.32
-414.92 -499.67
374.69 817.04
-258.86 -140.8
637.9 -384.26
-335.13 81.78
707.51 86.4
939.26 206.71
-957.87 683.11
578.06 721.82
2.0 233.49
717.92 -508.92
903.15 203.54
-706.41 -768.99
993.65 903.3
-15.67 705.63
232.52 823.28
-361.21 225.77
-126.19 -287.81
47.78 -28.53
-388.42 -266.94
-801.09 431.71
-489.52 239.09
-33.08 840.47
730.55 -451.92
496.05 270.53
-369.13 -778.6
817.14 -318.49
175.92 -358.0
203.07 798.59
-214.67 -358.91
898.03 173.39
-722.64 -30.38
-671.53 913.07
789.22 -627.89
-373.69 -492.41
416.94 -785.24
764.64 -33.95
290.36 205.91
-959.23 908.25
-157.85 -50.68
-241.13 301.95
-35.22 801.18
604.12 880.5
994.76 -179.84
22.77 944.19
679.23 -163.86
734.28 -373.79
-598.56 -71.6
-566.51 981.81
-299.29 -540.76
-738.18 -227.73
-33.27 79.1
474.32 -292.65
-139.66 665.54
-46.11 222.23
331.64 -357.06
-303.35 939.33
-565.74 307.54
-187.43 -488.32
-456.74 958.72
202.07 533.79
475.58 819.38
-614.16 644.15
409.15 530.78
181.97 882.31
-375.78 466.81
438.53 898.98
-690.98 846.18
-317.78 -713.53
-283.91 -702.74
-256.09 -693.95
749.61 613.44
-493.67 699.83
-589.73 -217.67
-890.53 -766.94
-802.21 -905.3
280.64 -550.79
192.5 365.29
-758.51 -959.6
196.81 -612.48
227.78 -380.99
949.38 945.49
419.23 269.73
-674.25 -669.7
-864.93 -396.44
204.25 -509.51
509.73 764.66
-388.96 428.29
926.14 469.73
-49.44 -729.17
755.27 752.16
-926.05 399.55
393.69 764.17
119.47 -64.91
257.22 -918.84
-34.45 -698.64
491.87 -733.6
-622.16 546.46
15.24 196.55
-26.02 -281.16
-383.64 -574.98
-395.66 431.46
-613.56 786.06
275.13 -492.53
508.26 -175.92
-3.28 500.85
902.69 224.96
-305.55 965.28
-979.25 747.39
-591.01 943.42
96.71 -441.96
-617.29 -984.26
12.52 -114.39
427.3 -6.59
962.31 -922.88
-776.45 561.27
-101.53 -606.74
-10.08 498.24
386.81 -334.84
477.79 591.11
-255.02 -548.24
-491.15 58.43
120.28 -683.42
-648.02 81.87
956.56 349.4
36.15 475.04
19.57 -388.08
991.92 513.35
148.35 551.04
-109.04 3.48
783.89 -351.91
-128.02 151.21
342.2 203.67
-367.75 870.64
996.18 -464.54
-53.93 957.37
-501.26 122.53
953.54 -147.21
-430.64 -41.87
-578.47 852.45
873.1 314.68
-200.88 -960.53
-836.71 161.17
-560.36 669.19
352.66 17.44
635.55 -277.38
238.88 -25.34
-720.96 -332.14
871.79 497.03
-888.96 -592.63
-164.77 185.1
742.56 848.2
201.56 780.66
746.79 -812.35
-179.84 -847.26
-533.22 -261.88
-891.19 124.16
529.93 69.35
-137.78 -711.0
373.79 288.73
-271.58 -791.81
792.22 417.16
-760.95 -465.43
-366.22 -317.1
471.5 -590.77
-224.45 799.61
587.58 932.95
296.17 -229.71
-293.24 -506.9
999.8 -976.92
939.39 -559.04
547.22 -711.29
-515.79 -69.97
369.16 -162.28
-423.17 708.8
-379.67 -646.84
574.81 -319.7
311.32 -906.7
82.9 323.48
-901.94 664.54
-305.08 997.32
-591.23 181.39
348.2 -793.99
-425.49 -945.93
822.89 -470.86
40.17 -846.87
-825.28 -196.4
-636.1 586.27
383.54 218.93
573.74 48.19
-71.31 125.42
-444.24 -216.31
523.41 267.37
796.12 -339.06
98.09 -466.4
-126.65 -19.37
561.32 -779.77
863.57 313.76
-969.62 -612.25
399.94 -41.86
-63.11 -374.54
69.19 -342.49
-609.0 -90.73
699.2 839.55
495.05 -98.85
-728.69 -473.77
-291.67 -229.54
-80.0 699.3
389.86 453.89
717.79 -237.06
-279.38 -252.29
-701.08 356.27
624.3 -664.39
145.48 -12.83
766.94 -399.01
-545.95 958.38
282.61 335.86
625.42 -801.71
-698.09 -277.09
746.42 557.07
-641.67 468.26
574.39 -824.75
-503.66 865.84
80.01 320.93
261.39 367.17
-431.14 -74.48
-721.22 -936.42
517.73 -900.37
-44.61 794.68
536.04 -315.1
-235.35 -682.9
848.9 -325.62
725.76 562.32
-532.09 -529.01
-134.92 168.03
850.37 -589.71
-706.81 574.97
600.88 611.12
-5.17 829.08
-230.58 716.86
-783.24 236.32
792.16 -788.79
-404.46 761.68
-795.7 426.49
-621.25 -509.69
-783.45 -954.46
696.85 -742.5
707.98 -851.42
-241.85 -786.42
-203.77 -202.18
-386.47 -776.73
440.13 838.93
906.59 707.17
666.48 136.08
-521.61 -202.32
5.18 558.53
-834.04 844.93
447.97 -92.51
-304.36 617.62
370.67 -953.82
273.3 157.2
992.48 -688.31
-623.99 -265.27
250.56 -374.68
445.28 663.14
600.51 530.87
-783.49 162.41
-300.39 -441.0
-848.31 583.96
682.09 -373.72
-374.83 -550.77
-445.26 -443.03
406.05 501.27
722.28 416.14
397.73 750.58
-595.9 889.62
642.38 60.58
27.8 -176.15
-767.27 589.36
986.44 -916.86
-600.36 128.0
234.68 430.6
-435.57 177.05
-86.02 -236.47
-161.41 501.68
-390.78 -856.49
-390.18 936.42
-356.39 -830.64
239.5 795.63
67.15 184.65
305.34 461.25
148.31 521.32
-213.53 -170.97
-459.89 754.77
-275.75 232.98
-866.98 -997.43
914.98 18.0
584.1 -308.72
292.64 -467.19
-778.5 85.21
-858.98 -178.09
979.4 -615.98
-118.52 786.45
-123.01 278.02
562.66 517.9
84.29 -52.0
-754.09 610.96
718.4 -315.12
790.58 -394.19
902.54 726.01
-833.8 -700.0
359.86 458.27
573.94 853.39
-149.33 -919.35
829.43 907.98
-858.47 119.71
718.42 549.91
-555.15 -729.59
563.01 -614.12
942.62 -201.86
352.14 106.68
-524.39 -762.86
-831.4 528.66
-291.19 222.9
-848.45 -492.97
434.76 -305.37
-658.44 -543.3
506.53 -643.41
856.45 387.42
-864.45 -690.2
0.77 34.62
467.88 368.97
-296.99 234.47
-156.78 -278.81
-459.1 -964.98
-132.88 -548.43
149.77 175.11
-299.3 -275.37
-941.33 342.01
689.88 -517.47
227.32 -646.85
-812.66 71.85
-857.18 -453.93
-326.12 -839.92
687.09 361.27
-857.31 -529.77
-275.83 -153.65
107.21 35.64
396.88 -704.04
-37.58 -409.05
525.94 -813.92
-371.88 -752.98
161.62 173.89
-556.9 -470.78
-834.88 -357.65
284.59 982.61
-239.23 953.84
-462.45 783.66
-952.1 116.73
194.24 -559.84
272.41 -244.33
-974.04 94.92
431.15 -331.38
-52.27 52.8
